0.0483131218905473 0 0 0 0 0 0 0 0 0 0 0 0 0 0 0 0 0 0 0
0.0483531064626912 0.0384615384615385 0 0 0 0 0 0 0 0 0 0 0 0 0 0 0 0 0 0
0.0488162166442315 0.0163934426229508 0.0384615384615385 0 0 0 0 0 0 0 0 0 0 0 0 0 0 0 0 0
0.0489743997455875 0.00980392156862745 0.0163934426229508 0.0384615384615385 0 0 0 0 0 0 0 0 0 0 0 0 0 0 0 0
0.0489743997455875 0.00980392156862745 0.0163934426229508 0.0416666666666667 0 0 0 0 0 0 0 0 0 0 0 0 0 0 0 0
0.0489743997455875 0 0.0163934426229508 0.0416666666666667 0 0.0285714285714286 0 0 0 0 0 0 0 0 0 0 0 0 0 0
0.0500924594205876 0.0158343483556638 0 0.0163934426229508 0.0416666666666667 0 0.0285714285714286 0 0 0 0 0 0 0 0 0 0 0 0 0
0.0500924594205876 0.0158343483556638 0 0.0163934426229508 0.0638297872340425 0.0204081632653061 0 0.0285714285714286 0 0 0 0 0 0 0 0 0 0 0 0
0.0525050100200401 0.0490207715133531 0.0158343483556638 0 0.0163934426229508 0.0638297872340425 0.0204081632653061 0 0.0285714285714286 0 0 0 0 0 0 0 0 0 0 0
0.0525050100200401 0.0490207715133531 0.0158343483556638 0 0.0171919770773639 0.0638297872340425 0.0204081632653061 0 0 0.0285714285714286 0 0 0 0 0 0 0 0 0 0
0.0525050100200401 0.0482621894554241 0.0158343483556638 0.0662905500705219 0 0.0171919770773639 0.0638297872340425 0.0204081632653061 0 0 0.0285714285714286 0 0 0 0 0 0 0 0 0
0.0525050100200401 0.0482621894554241 0.0158343483556638 0.0662905500705219 0 0.0171919770773639 0.0638297872340425 0.0204081632653061 0 0 0.0285714285714286 0 0 0 0 0 0 0 0 0
0.0525050100200401 0.0482621894554241 0.0158343483556638 0.0662905500705219 0 0.0171919770773639 0.0638297872340425 0.0217391304347826 0 0 0.0285714285714286 0 0 0 0 0 0 0 0 0
0.0525050100200401 0.0482621894554241 0.0158343483556638 0.0662905500705219 0 0.0147058823529412 0.0638297872340425 0.0187793427230047 0.0217391304347826 0 0 0.0285714285714286 0 0 0 0 0 0 0 0
0.0525050100200401 0.0482621894554241 0.0169050715214564 0.0662905500705219 0 0 0.0147058823529412 0.0638297872340425 0.0187793427230047 0.0217391304347826 0 0 0.0285714285714286 0 0 0 0 0 0 0
0.0525050100200401 0.0482621894554241 0.0169050715214564 0.0662905500705219 0 0 0.0147058823529412 0.103448275862069 0.0187793427230047 0.0217391304347826 0 0 0 0.0285714285714286 0 0 0 0 0 0
0.0525050100200401 0.0482621894554241 0.0169050715214564 0.0662905500705219 0 0 0.0198019801980198 0.103448275862069 0.0187793427230047 0.0217391304347826 0 0 0 0 0.0285714285714286 0 0 0 0 0
0.0525050100200401 0.0482621894554241 0.0169050715214564 0.0662905500705219 0 0 0.0198019801980198 0.103448275862069 0.0187793427230047 0.0217391304347826 0 0 0 0 0 0.0285714285714286 0 0 0 0
0.0525050100200401 0.0493454179254783 0.0353130016051364 0.0169050715214564 0.0662905500705219 0 0 0.0198019801980198 0.103448275862069 0.0187793427230047 0.0217391304347826 0 0 0 0 0 0.0285714285714286 0 0 0
0.0525050100200401 0.0493454179254783 0.0353130016051364 0.0169050715214564 0.0662905500705219 0 0 0.0198019801980198 0.103448275862069 0.0187793427230047 0.0217391304347826 0 0 0 0 0 0 0.0285714285714286 0 0
